01101001 01100110 00100000 01111001 01101111 01110101 00011001 01110110 01100101 00100000 01110100 01110010 01100001 01101110 01110011 01101100 01100001 01110100 01100101 01100100 00100000 01110100 01101000 01101001 01110011 00100000 01110100 01101000 01100101 00100000 01100110 01101111 01101100 01101100 01101111 01110111 01101001 01101110 01100111 00100000 01100011 01101111 01100100 01100101 01110011 00100000 01100001 01110010 01100101 00100000 01100001 01101100 01101100 00100000 01100101 01101110 01100100 01101001 01101110 01100111 01110011 00100000 01110100 01101111 00100000 01100001 00100000 01100010 01101001 01110100 01101100 01111001 00100000 01110101 01110010 01101100 00101110 

:

4a4QaVn
3x6tXI0
3x2yFg6
2a3gHds
3k9HuaT
3x5rqxT
3r8Hwhs
69xjUh2
5h7kUvw
